Tristana	Default	18	0
8100 8000 9923 8139 8120 8135 9111 9103 5005 5008 5002

Tryndamere	Default	23	0
8000 8400 8008 9111 9104 8299 8444 8242 5005 5008 5002

Caitlyn	Default	51	0
8000 8200 8021 8009 9103 8014 8233 8236 5005 5008 5002

Nocturne	Default	56	0
8000 8100 8008 9111 9104 8014 8106 8138 5005 5008 5002

Renekton	Default	58	0
8000 8400 8010 9111 9104 8299 8444 8242 5008 5008 5002

Poppy	Default	78	0
8100 8200 8128 8126 8138 8105 8232 8234 5008 5008 5002

Ezreal	Default	81	0
8000 8300 8005 8009 9103 8014 8304 8345 5005 5008 5002

Talon	Default	91	0
8100 8200 8112 8143 8138 8105 8226 8233 5008 5008 5003

Lissandra	Default	127	0
8100 8200 8112 8126 8138 8106 8210 8226 5008 5008 5003

Aurelion Sol	Default	136	0
8200 8300 8229 8226 8233 8236 8304 8345 5008 5008 5003

Gnar	Default	150	0
8000 8400 8021 9111 9104 8299 8473 8451 5005 5008 5002

Akshan	Default	166	0
8000 8400 8005 8009 9104 8014 8451 8473 5005 5008 5003

Bel'Veth	Default	200	0
8000 8100 8010 9111 9104 8014 8138 8105 5008 5008 5002

Kindred	Default	203	0
8000 8100 8010 9111 9104 8014 8138 8105 5005 5008 5002

Jinx	Default	222	0
8000 8200 8008 8009 9103 8014 8233 8236 5005 5008 5002

Tahm Kench	Default	223	0
8400 8000 8437 8401 8444 8451 9104 9111 5005 5002 5001

Briar	Default	233	0
8000 8400 8010 9111 9104 8299 8429 8453 5008 5008 5001

Viego	Default	234	0
8000 8300 8010 9111 9104 8014 8304 8347 5005 5008 5002

Aatrox	Default	266	0
8000 8400 8010 9111 9105 8299 8242 8444 5008 5008 5002

Sylas	Default	517	0
8100 8200 8112 8143 8138 8105 8226 8210 5008 5008 5003

Yone	Default	777	0
8000 8400 8008 9111 9104 8299 8444 8451 5005 5008 5003

K'Sante	Default	897	0
8400 8300 8437 8446 8444 8451 8304 8345 5005 5002 5002

